şubuvalid_time,latitude,longitude,number,expver,u10,v10,t2m,tp
1940-01-01 00:00:00,37.6,43.31,0,0001,-0.16381353,0.20618713,264.80463,
1940-01-01 00:00:00,37.6,43.56,0,0001,0.07518488,0.16349304,264.4405,
1940-01-01 00:00:00,37.6,43.81,0,0001,0.27275568,0.09456909,264.36285,
1940-01-01 00:00:00,37.6,44.06,0,0001,0.3219958,0.23896301,264.21936,
1940-01-01 00:00:00,37.35,43.31,0,0001,-0.47608465,-0.5598804,267.0666,
1940-01-01 00:00:00,37.35,43.56,0,0001,-0.25051397,-0.6467029,266.583,
1940-01-01 00:00:00,37.35,43.81,0,0001,-0.16215032,-0.68866456,266.31427,
1940-01-01 00:00:00,37.35,44.06,0,0001,-0.15365118,-0.53256714,265.99762,
1940-01-01 06:00:00,37.6,43.31,0,0001,,,,0.0048561357
1940-01-01 06:00:00,37.6,43.56,0,0001,,,,0.0046754144
1940-01-01 06:00:00,37.6,43.81,0,0001,,,,0.0043047927
1940-01-01 06:00:00,37.6,44.06,0,0001,,,,0.0039472245
1940-01-01 06:00:00,37.35,43.31,0,0001,,,,0.0057028793
1940-01-01 06:00:00,37.35,43.56,0,0001,,,,0.005651679
1940-01-01 06:00:00,37.35,43.81,0,0001,,,,0.0059052967
1940-01-01 06:00:00,37.35,44.06,0,0001,,,,0.0059193037
1940-02-01 00:00:00,37.6,43.31,0,0001,-0.10613912,-0.028488874,267.4934,
1940-02-01 00:00:00,37.6,43.56,0,0001,0.07882792,-0.049561262,267.0912,
1940-02-01 00:00:00,37.6,43.81,0,0001,0.23614603,-0.0697639,267.03607,
1940-02-01 00:00:00,37.6,44.06,0,0001,0.2632609,0.08129811,266.8471,
1940-02-01 00:00:00,37.35,43.31,0,0001,-0.39430135,-0.6079414,269.93903,
1940-02-01 00:00:00,37.35,43.56,0,0001,-0.21523947,-0.6757057,269.37775,
1940-02-01 00:00:00,37.35,43.81,0,0001,-0.13531393,-0.7347877,269.03174,
1940-02-01 00:00:00,37.35,44.06,0,0001,-0.1446523,-0.60876536,268.7179,
1940-02-01 06:00:00,37.6,43.31,0,0001,,,,0.0031812205
1940-02-01 06:00:00,37.6,43.56,0,0001,,,,0.003236623
1940-02-01 06:00:00,37.6,43.81,0,0001,,,,0.0032354011
1940-02-01 06:00:00,37.6,44.06,0,0001,,,,0.0033864393
1940-02-01 06:00:00,37.35,43.31,0,0001,,,,0.003948511
1940-02-01 06:00:00,37.35,43.56,0,0001,,,,0.004003377
1940-02-01 06:00:00,37.35,43.81,0,0001,,,,0.0041489615
1940-02-01 06:00:00,37.35,44.06,0,0001,,,,0.004420133
1940-03-01 00:00:00,37.6,43.31,0,0001,0.19487536,0.31059706,267.32886,
1940-03-01 00:00:00,37.6,43.56,0,0001,0.32060778,0.3737074,266.96777,
1940-03-01 00:00:00,37.6,43.81,0,0001,0.43236315,0.37491286,267.14716,
1940-03-01 00:00:00,37.6,44.06,0,0001,0.51511157,0.49905837,267.25964,
1940-03-01 00:00:00,37.35,43.31,0,0001,-0.07665479,-0.23711717,270.49792,
1940-03-01 00:00:00,37.35,43.56,0,0001,0.007283807,-0.23668993,269.96088,
1940-03-01 00:00:00,37.35,43.81,0,0001,-0.003366828,-0.27807176,269.56464,
1940-03-01 00:00:00,37.35,44.06,0,0001,0.04959643,-0.15464342,269.41553,
1940-03-01 06:00:00,37.6,43.31,0,0001,,,,0.0048094243
1940-03-01 06:00:00,37.6,43.56,0,0001,,,,0.004924521
1940-03-01 06:00:00,37.6,43.81,0,0001,,,,0.004659608
1940-03-01 06:00:00,37.6,44.06,0,0001,,,,0.0044216067
1940-03-01 06:00:00,37.35,43.31,0,0001,,,,0.005234435
1940-03-01 06:00:00,37.35,43.56,0,0001,,,,0.0054460317
1940-03-01 06:00:00,37.35,43.81,0,0001,,,,0.00569804
1940-03-01 06:00:00,37.35,44.06,0,0001,,,,0.0057070106
1940-04-01 00:00:00,37.6,43.31,0,0001,-0.29136604,0.2362479,275.9132,
1940-04-01 00:00:00,37.6,43.56,0,0001,-0.112472,0.22549045,275.69055,
1940-04-01 00:00:00,37.6,43.81,0,0001,0.062897265,0.17841709,275.8357,
1940-04-01 00:00:00,37.6,44.06,0,0001,0.20520073,0.27491367,275.79736,
1940-04-01 00:00:00,37.35,43.31,0,0001,-0.46131843,-0.49795926,279.0138,
1940-04-01 00:00:00,37.35,43.56,0,0001,-0.28869575,-0.5727273,278.4831,
1940-04-01 00:00:00,37.35,43.81,0,0001,-0.20764107,-0.68568814,277.95013,
1940-04-01 00:00:00,37.35,44.06,0,0001,-0.13021797,-0.6088449,277.6181,
1940-04-01 06:00:00,37.6,43.31,0,0001,,,,0.0038528836
1940-04-01 06:00:00,37.6,43.56,0,0001,,,,0.0035187996
1940-04-01 06:00:00,37.6,43.81,0,0001,,,,0.003253082
1940-04-01 06:00:00,37.6,44.06,0,0001,,,,0.0030447638
1940-04-01 06:00:00,37.35,43.31,0,0001,,,,0.005123237
1940-04-01 06:00:00,37.35,43.56,0,0001,,,,0.0047681127
1940-04-01 06:00:00,37.35,43.81,0,0001,,,,0.004343787
1940-04-01 06:00:00,37.35,44.06,0,0001,,,,0.0041524563
1940-05-01 00:00:00,37.6,43.31,0,0001,0.36861563,0.81646425,280.62158,
1940-05-01 00:00:00,37.6,43.56,0,0001,0.46361685,0.87585145,280.26978,
1940-05-01 00:00:00,37.6,43.81,0,0001,0.585382,0.8519257,280.80762,
1940-05-01 00:00:00,37.6,44.06,0,0001,0.78504324,0.9610413,281.16492,
1940-05-01 00:00:00,37.35,43.31,0,0001,0.2141509,0.11582643,284.60193,
1940-05-01 00:00:00,37.35,43.56,0,0001,0.2628417,0.15296632,284.25073,
1940-05-01 00:00:00,37.35,43.81,0,0001,0.20392752,0.16740113,284.18396,
1940-05-01 00:00:00,37.35,44.06,0,0001,0.3250823,0.2929657,284.21667,
1940-05-01 06:00:00,37.6,43.31,0,0001,,,,0.0012020268
1940-05-01 06:00:00,37.6,43.56,0,0001,,,,0.001187461
1940-05-01 06:00:00,37.6,43.81,0,0001,,,,0.0010589459
1940-05-01 06:00:00,37.6,44.06,0,0001,,,,0.0010216408
1940-05-01 06:00:00,37.35,43.31,0,0001,,,,0.0010637813
1940-05-01 06:00:00,37.35,43.56,0,0001,,,,0.0011032321
1940-05-01 06:00:00,37.35,43.81,0,0001,,,,0.0012699612
1940-05-01 06:00:00,37.35,44.06,0,0001,,,,0.0014191442
1940-06-01 00:00:00,37.6,43.31,0,0001,0.27273113,0.73425853,286.8202,
1940-06-01 00:00:00,37.6,43.56,0,0001,0.25571758,0.7292079,286.55347,
1940-06-01 00:00:00,37.6,43.81,0,0001,0.24745876,0.68497264,286.93164,
1940-06-01 00:00:00,37.6,44.06,0,0001,0.297046,0.67275035,286.9214,
1940-06-01 00:00:00,37.35,43.31,0,0001,0.3065217,0.2013911,291.08228,
1940-06-01 00:00:00,37.35,43.56,0,0001,0.26060802,0.18404186,290.8484,
1940-06-01 00:00:00,37.35,43.81,0,0001,0.14324504,0.15074718,290.8385,
1940-06-01 00:00:00,37.35,44.06,0,0001,0.13235408,0.15125072,290.5553,
1940-06-01 06:00:00,37.6,43.31,0,0001,,,,0.00085584563
1940-06-01 06:00:00,37.6,43.56,0,0001,,,,0.0008245532
1940-06-01 06:00:00,37.6,43.81,0,0001,,,,0.00073909503
1940-06-01 06:00:00,37.6,44.06,0,0001,,,,0.00073925895
1940-06-01 06:00:00,37.35,43.31,0,0001,,,,0.0003811244
1940-06-01 06:00:00,37.35,43.56,0,0001,,,,0.00030611196
1940-06-01 06:00:00,37.35,43.81,0,0001,,,,0.0002167646
1940-06-01 06:00:00,37.35,44.06,0,0001,,,,0.00026374796
1940-07-01 00:00:00,37.6,43.31,0,0001,-0.33308154,0.8309125,292.4395,
1940-07-01 00:00:00,37.6,43.56,0,0001,-0.4182256,0.73868835,292.2931,
1940-07-01 00:00:00,37.6,43.81,0,0001,-0.49278003,0.5738019,292.64337,
1940-07-01 00:00:00,37.6,44.06,0,0001,-0.4638036,0.41762817,292.54022,
1940-07-01 00:00:00,37.35,43.31,0,0001,-0.2345174,0.29679382,296.28906,
1940-07-01 00:00:00,37.35,43.56,0,0001,-0.30708057,0.18361938,296.19232,
1940-07-01 00:00:00,37.35,43.81,0,0001,-0.3676961,0.051371455,296.2102,
1940-07-01 00:00:00,37.35,44.06,0,0001,-0.3880437,-0.06923401,295.8188,
1940-07-01 06:00:00,37.6,43.31,0,0001,,,,2.1732321e-05
1940-07-01 06:00:00,37.6,43.56,0,0001,,,,2.1814743e-05
1940-07-01 06:00:00,37.6,43.81,0,0001,,,,2.541477e-05
1940-07-01 06:00:00,37.6,44.06,0,0001,,,,3.4628345e-05
1940-07-01 06:00:00,37.35,43.31,0,0001,,,,4.270023e-06
1940-07-01 06:00:00,37.35,43.56,0,0001,,,,6.1787687e-06
1940-07-01 06:00:00,37.35,43.81,0,0001,,,,9.229316e-06
1940-07-01 06:00:00,37.35,44.06,0,0001,,,,1.4039597e-05
1940-08-01 00:00:00,37.6,43.31,0,0001,-0.49938565,0.59323364,293.10754,
1940-08-01 00:00:00,37.6,43.56,0,0001,-0.6094931,0.44916016,292.92047,
1940-08-01 00:00:00,37.6,43.81,0,0001,-0.67879087,0.2643152,293.17053,
1940-08-01 00:00:00,37.6,44.06,0,0001,-0.6991537,0.049990237,292.8518,
1940-08-01 00:00:00,37.35,43.31,0,0001,-0.37077695,0.14538819,296.7871,
1940-08-01 00:00:00,37.35,43.56,0,0001,-0.46852475,-0.034299314,296.64313,
1940-08-01 00:00:00,37.35,43.81,0,0001,-0.55772763,-0.24368042,296.55518,
1940-08-01 00:00:00,37.35,44.06,0,0001,-0.63012296,-0.427854,295.95892,
1940-08-01 06:00:00,37.6,43.31,0,0001,,,,7.939039e-06
1940-08-01 06:00:00,37.6,43.56,0,0001,,,,9.154532e-06
1940-08-01 06:00:00,37.6,43.81,0,0001,,,,1.0370024e-05
1940-08-01 06:00:00,37.6,44.06,0,0001,,,,1.0068858e-05
1940-08-01 06:00:00,37.35,43.31,0,0001,,,,6.7150486e-06
1940-08-01 06:00:00,37.35,43.56,0,0001,,,,5.3398344e-06
1940-08-01 06:00:00,37.35,43.81,0,0001,,,,3.0502943e-06
1940-08-01 06:00:00,37.35,44.06,0,0001,,,,3.967647e-06
1940-09-01 00:00:00,37.6,43.31,0,0001,0.25644875,0.5919652,287.51947,
1940-09-01 00:00:00,37.6,43.56,0,0001,0.23053934,0.62120104,287.47083,
1940-09-01 00:00:00,37.6,43.81,0,0001,0.20502283,0.5995183,287.9217,
1940-09-01 00:00:00,37.6,44.06,0,0001,0.22899438,0.5906224,288.00354,
1940-09-01 00:00:00,37.35,43.31,0,0001,0.26836967,0.04394582,291.0354,
1940-09-01 00:00:00,37.35,43.56,0,0001,0.22242166,0.059097797,290.9994,
1940-09-01 00:00:00,37.35,43.81,0,0001,0.094274536,0.047897846,291.11365,
1940-09-01 00:00:00,37.35,44.06,0,0001,0.050817505,0.04116872,290.9234,
1940-09-01 06:00:00,37.6,43.31,0,0001,,,,0.00013826079
1940-09-01 06:00:00,37.6,43.56,0,0001,,,,0.00012784674
1940-09-01 06:00:00,37.6,43.81,0,0001,,,,0.00011084079
1940-09-01 06:00:00,37.6,44.06,0,0001,,,,0.00010725147
1940-09-01 06:00:00,37.35,43.31,0,0001,,,,8.026174e-05
1940-09-01 06:00:00,37.35,43.56,0,0001,,,,5.918964e-05
1940-09-01 06:00:00,37.35,43.81,0,0001,,,,3.341808e-05
1940-09-01 06:00:00,37.35,44.06,0,0001,,,,3.5921476e-05
1940-10-01 00:00:00,37.6,43.31,0,0001,0.33633554,0.48011857,279.93933,
1940-10-01 00:00:00,37.6,43.56,0,0001,0.46777475,0.5625313,279.7107,
1940-10-01 00:00:00,37.6,43.81,0,0001,0.6015638,0.59327775,280.1222,
1940-10-01 00:00:00,37.6,44.06,0,0001,0.74565256,0.7479103,280.32715,
1940-10-01 00:00:00,37.35,43.31,0,0001,0.15287912,-0.08888167,283.80493,
1940-10-01 00:00:00,37.35,43.56,0,0001,0.2392286,-0.03358382,283.57715,
1940-10-01 00:00:00,37.35,43.81,0,0001,0.203462,-0.0050346255,283.66895,
1940-10-01 00:00:00,37.35,44.06,0,0001,0.28450143,0.13913041,283.63623,
1940-10-01 06:00:00,37.6,43.31,0,0001,,,,0.0033995965
1940-10-01 06:00:00,37.6,43.56,0,0001,,,,0.0032586018
1940-10-01 06:00:00,37.6,43.81,0,0001,,,,0.0026634494
1940-10-01 06:00:00,37.6,44.06,0,0001,,,,0.0022379616
1940-10-01 06:00:00,37.35,43.31,0,0001,,,,0.0027182559
1940-10-01 06:00:00,37.35,43.56,0,0001,,,,0.002608792
1940-10-01 06:00:00,37.35,43.81,0,0001,,,,0.0023805657
1940-10-01 06:00:00,37.35,44.06,0,0001,,,,0.0020655254
1940-11-01 00:00:00,37.6,43.31,0,0001,-0.4088657,0.06776905,274.70337,
1940-11-01 00:00:00,37.6,43.56,0,0001,-0.22420382,0.0510149,274.48853,
1940-11-01 00:00:00,37.6,43.81,0,0001,0.010598421,0.04785633,274.7854,
1940-11-01 00:00:00,37.6,44.06,0,0001,0.1446774,0.13673878,274.86566,
1940-11-01 00:00:00,37.35,43.31,0,0001,-0.5129764,-0.41460705,277.85455,
1940-11-01 00:00:00,37.35,43.56,0,0001,-0.33405185,-0.4672041,277.62665,
1940-11-01 00:00:00,37.35,43.81,0,0001,-0.25340915,-0.5332899,277.6507,
1940-11-01 00:00:00,37.35,44.06,0,0001,-0.19521213,-0.46467113,277.54413,
1940-11-01 06:00:00,37.6,43.31,0,0001,,,,0.002634228
1940-11-01 06:00:00,37.6,43.56,0,0001,,,,0.0026266582
1940-11-01 06:00:00,37.6,43.81,0,0001,,,,0.0023893125
1940-11-01 06:00:00,37.6,44.06,0,0001,,,,0.0020826466
1940-11-01 06:00:00,37.35,43.31,0,0001,,,,0.0030379302
1940-11-01 06:00:00,37.35,43.56,0,0001,,,,0.0031052835
1940-11-01 06:00:00,37.35,43.81,0,0001,,,,0.003130973
1940-11-01 06:00:00,37.35,44.06,0,0001,,,,0.0029345758
1940-12-01 00:00:00,37.6,43.31,0,0001,-0.12824845,0.4552093,267.96405,
1940-12-01 00:00:00,37.6,43.56,0,0001,0.23002791,0.50211483,267.63312,
1940-12-01 00:00:00,37.6,43.81,0,0001,0.51844954,0.4878326,267.74078,
1940-12-01 00:00:00,37.6,44.06,0,0001,0.6699693,0.6865631,267.70752,
1940-12-01 00:00:00,37.35,43.31,0,0001,-0.45356584,-0.55483097,270.6665,
1940-12-01 00:00:00,37.35,43.56,0,0001,-0.14106584,-0.568747,270.13037,
1940-12-01 00:00:00,37.35,43.81,0,0001,-0.03968644,-0.53591007,270.06104,
1940-12-01 00:00:00,37.35,44.06,0,0001,0.04167342,-0.30840153,270.03174,
1940-12-01 06:00:00,37.6,43.31,0,0001,,,,0.0050385892
1940-12-01 06:00:00,37.6,43.56,0,0001,,,,0.0048191845
1940-12-01 06:00:00,37.6,43.81,0,0001,,,,0.0043907464
1940-12-01 06:00:00,37.6,44.06,0,0001,,,,0.004006833
1940-12-01 06:00:00,37.35,43.31,0,0001,,,,0.005940169
1940-12-01 06:00:00,37.35,43.56,0,0001,,,,0.0058449805
1940-12-01 06:00:00,37.35,43.81,0,0001,,,,0.0060862005
1940-12-01 06:00:00,37.35,44.06,0,0001,,,,0.006160885
1941-01-01 00:00:00,37.6,43.31,0,0001,-0.036659956,0.4149235,266.61798,
1941-01-01 00:00:00,37.6,43.56,0,0001,0.27251363,0.4496525,266.24762,
1941-01-01 00:00:00,37.6,43.81,0,0001,0.5141823,0.3960331,266.25238,
1941-01-01 00:00:00,37.6,44.06,0,0001,0.6505959,0.59921914,266.34033,
1941-01-01 00:00:00,37.35,43.31,0,0001,-0.40046,-0.52977866,268.77576,
1941-01-01 00:00:00,37.35,43.56,0,0001,-0.13074565,-0.55559653,268.22614,
1941-01-01 00:00:00,37.35,43.81,0,0001,-0.04782939,-0.5433895,268.04126,
1941-01-01 00:00:00,37.35,44.06,0,0001,0.03432393,-0.30495566,268.04456,
1941-01-01 06:00:00,37.6,43.31,0,0001,,,,0.008370619
1941-01-01 06:00:00,37.6,43.56,0,0001,,,,0.00804792
1941-01-01 06:00:00,37.6,43.81,0,0001,,,,0.007350426
1941-01-01 06:00:00,37.6,44.06,0,0001,,,,0.0067821555
1941-01-01 06:00:00,37.35,43.31,0,0001,,,,0.0097238235
1941-01-01 06:00:00,37.35,43.56,0,0001,,,,0.009644251
1941-01-01 06:00:00,37.35,43.81,0,0001,,,,0.00998221
1941-01-01 06:00:00,37.35,44.06,0,0001,,,,0.00998072
1941-02-01 00:00:00,37.6,43.31,0,0001,-0.027268052,0.3376733,269.2704,
1941-02-01 00:00:00,37.6,43.56,0,0001,0.21507204,0.37286007,268.90125,
1941-02-01 00:00:00,37.6,43.81,0,0001,0.4230951,0.34518063,268.94836,
1941-02-01 00:00:00,37.6,44.06,0,0001,0.6072687,0.56689084,269.08392,
1941-02-01 00:00:00,37.35,43.31,0,0001,-0.3848883,-0.5067786,271.872,
1941-02-01 00:00:00,37.35,43.56,0,0001,-0.17598021,-0.5366858,271.3982,
1941-02-01 00:00:00,37.35,43.81,0,0001,-0.09631407,-0.5650672,271.16858,
1941-02-01 00:00:00,37.35,44.06,0,0001,0.036116958,-0.34421146,271.12885,
1941-02-01 06:00:00,37.6,43.31,0,0001,,,,0.003689695
1941-02-01 06:00:00,37.6,43.56,0,0001,,,,0.003771383
1941-02-01 06:00:00,37.6,43.81,0,0001,,,,0.0035017764
1941-02-01 06:00:00,37.6,44.06,0,0001,,,,0.003161255
1941-02-01 06:00:00,37.35,43.31,0,0001,,,,0.0038744842
1941-02-01 06:00:00,37.35,43.56,0,0001,,,,0.003969524
1941-02-01 06:00:00,37.35,43.81,0,0001,,,,0.004003916
1941-02-01 06:00:00,37.35,44.06,0,0001,,,,0.003821302
1941-03-01 00:00:00,37.6,43.31,0,0001,0.104984045,0.724589,270.3637,
1941-03-01 00:00:00,37.6,43.56,0,0001,0.2672155,0.8032633,270.1018,
1941-03-01 00:00:00,37.6,43.81,0,0001,0.3529241,0.7713419,270.37274,
1941-03-01 00:00:00,37.6,44.06,0,0001,0.49045157,0.89554846,270.47406,
1941-03-01 00:00:00,37.35,43.31,0,0001,-0.2635157,-0.1363424,273.23444,
1941-03-01 00:00:00,37.35,43.56,0,0001,-0.10982919,-0.1280111,272.75818,
1941-03-01 00:00:00,37.35,43.81,0,0001,-0.032390833,-0.13496912,272.5738,
1941-03-01 00:00:00,37.35,44.06,0,0001,0.08314872,0.016581178,272.50012,
1941-03-01 06:00:00,37.6,43.31,0,0001,,,,0.006150577
1941-03-01 06:00:00,37.6,43.56,0,0001,,,,0.0061751343
1941-03-01 06:00:00,37.6,43.81,0,0001,,,,0.0058371164
1941-03-01 06:00:00,37.6,44.06,0,0001,,,,0.0055346526
1941-03-01 06:00:00,37.35,43.31,0,0001,,,,0.0064222254
1941-03-01 06:00:00,37.35,43.56,0,0001,,,,0.0064494945
1941-03-01 06:00:00,37.35,43.81,0,0001,,,,0.006527636
1941-03-01 06:00:00,37.35,44.06,0,0001,,,,0.006591592
1941-04-01 00:00:00,37.6,43.31,0,0001,-0.106965065,0.3617623,275.13855,
1941-04-01 00:00:00,37.6,43.56,0,0001,0.050581932,0.33985066,274.8629,
1941-04-01 00:00:00,37.6,43.81,0,0001,0.18141079,0.26312947,274.93384,
1941-04-01 00:00:00,37.6,44.06,0,0001,0.27055264,0.30089498,274.80432,
1941-04-01 00:00:00,37.35,43.31,0,0001,-0.2980051,-0.3750236,278.1391,
1941-04-01 00:00:00,37.35,43.56,0,0001,-0.15898228,-0.45179057,277.58197,
1941-04-01 00:00:00,37.35,43.81,0,0001,-0.13699436,-0.5502708,277.1607,
1941-04-01 00:00:00,37.35,44.06,0,0001,-0.10009861,-0.5099876,276.7945,
1941-04-01 06:00:00,37.6,43.31,0,0001,,,,0.0036003285
1941-04-01 06:00:00,37.6,43.56,0,0001,,,,0.0034311109
1941-04-01 06:00:00,37.6,43.81,0,0001,,,,0.003041356
1941-04-01 06:00:00,37.6,44.06,0,0001,,,,0.0026097589
1941-04-01 06:00:00,37.35,43.31,0,0001,,,,0.0034542375
1941-04-01 06:00:00,37.35,43.56,0,0001,,,,0.003339439
1941-04-01 06:00:00,37.35,43.81,0,0001,,,,0.0031381242
1941-04-01 06:00:00,37.35,44.06,0,0001,,,,0.0028785162
1941-05-01 00:00:00,37.6,43.31,0,0001,0.32681757,0.5324185,281.96716,
1941-05-01 00:00:00,37.6,43.56,0,0001,0.43330866,0.5581753,281.625,
1941-05-01 00:00:00,37.6,43.81,0,0001,0.6216479,0.56487393,282.37756,
1941-05-01 00:00:00,37.6,44.06,0,0001,0.80960566,0.73966336,282.92297,
1941-05-01 00:00:00,37.35,43.31,0,0001,0.3606692,-0.11063266,286.99866,
1941-05-01 00:00:00,37.35,43.56,0,0001,0.40488917,-0.10921359,286.6709,
1941-05-01 00:00:00,37.35,43.81,0,0001,0.31042963,-0.0922153,286.7162,
1941-05-01 00:00:00,37.35,44.06,0,0001,0.39744288,0.08377957,286.86487,
1941-05-01 06:00:00,37.6,43.31,0,0001,,,,0.00062249904
1941-05-01 06:00:00,37.6,43.56,0,0001,,,,0.0005428747
1941-05-01 06:00:00,37.6,43.81,0,0001,,,,0.00038783555
1941-05-01 06:00:00,37.6,44.06,0,0001,,,,0.00030619954
1941-05-01 06:00:00,37.35,43.31,0,0001,,,,0.0004102916
1941-05-01 06:00:00,37.35,43.56,0,0001,,,,0.00033759628
1941-05-01 06:00:00,37.35,43.81,0,0001,,,,0.00025925343
1941-05-01 06:00:00,37.35,44.06,0,0001,,,,0.00022079355
1941-06-01 00:00:00,37.6,43.31,0,0001,0.15496488,0.75812095,287.93262,
1941-06-01 00:00:00,37.6,43.56,0,0001,0.1295094,0.7525973,287.7046,
1941-06-01 00:00:00,37.6,43.81,0,0001,0.14892621,0.69704,288.15356,
1941-06-01 00:00:00,37.6,44.06,0,0001,0.26210445,0.6882357,288.26733,
1941-06-01 00:00:00,37.35,43.31,0,0001,0.22304578,0.18584007,292.24805,
1941-06-01 00:00:00,37.35,43.56,0,0001,0.17288251,0.16078514,292.03943,
1941-06-01 00:00:00,37.35,43.81,0,0001,0.055092286,0.13191551,292.1222,
1941-06-01 00:00:00,37.35,44.06,0,0001,0.0854878,0.15037864,291.9906,
1941-06-01 06:00:00,37.6,43.31,0,0001,,,,0.0010009964
1941-06-01 06:00:00,37.6,43.56,0,0001,,,,0.00093198917
1941-06-01 06:00:00,37.6,43.81,0,0001,,,,0.00062609813
1941-06-01 06:00:00,37.6,44.06,0,0001,,,,0.0006460359
1941-06-01 06:00:00,37.35,43.31,0,0001,,,,0.00032189093
1941-06-01 06:00:00,37.35,43.56,0,0001,,,,0.00027438602
1941-06-01 06:00:00,37.35,43.81,0,0001,,,,0.0002818813
1941-06-01 06:00:00,37.35,44.06,0,0001,,,,0.00036443374
1941-07-01 00:00:00,37.6,43.31,0,0001,0.32691425,1.0149789,292.23303,
1941-07-01 00:00:00,37.6,43.56,0,0001,0.22117084,1.0316873,292.05774,
1941-07-01 00:00:00,37.6,43.81,0,0001,0.13417286,0.97057575,292.3853,
1941-07-01 00:00:00,37.6,44.06,0,0001,0.21357197,0.90140766,292.3238,
1941-07-01 00:00:00,37.35,43.31,0,0001,0.3530907,0.4986977,296.008,
1941-07-01 00:00:00,37.35,43.56,0,0001,0.22750324,0.49863666,295.84912,
1941-07-01 00:00:00,37.35,43.81,0,0001,0.06725544,0.46366352,295.86322,
1941-07-01 00:00:00,37.35,44.06,0,0001,0.07970661,0.42357868,295.56696,
1941-07-01 06:00:00,37.6,43.31,0,0001,,,,1.41926575e-05
1941-07-01 06:00:00,37.6,43.56,0,0001,,,,1.3726298e-05
1941-07-01 06:00:00,37.6,43.81,0,0001,,,,1.1272263e-05
1941-07-01 06:00:00,37.6,44.06,0,0001,,,,7.6256692e-06
1941-07-01 06:00:00,37.35,43.31,0,0001,,,,1.5250407e-06
1941-07-01 06:00:00,37.35,43.56,0,0001,,,,0.0
1941-07-01 06:00:00,37.35,43.81,0,0001,,,,0.0
1941-07-01 06:00:00,37.35,44.06,0,0001,,,,0.0
1941-08-01 00:00:00,37.6,43.31,0,0001,0.006356895,0.37286544,290.08948,
1941-08-01 00:00:00,37.6,43.56,0,0001,-0.11395103,0.34603286,289.85535,
1941-08-01 00:00:00,37.6,43.81,0,0001,-0.27802116,0.28878188,290.18982,
1941-08-01 00:00:00,37.6,44.06,0,0001,-0.3940032,0.16578841,289.95215,
1941-08-01 00:00:00,37.35,43.31,0,0001,0.048089683,0.1504457,294.53967,
1941-08-01 00:00:00,37.35,43.56,0,0001,-0.072531044,0.09943557,294.37048,
1941-08-01 00:00:00,37.35,43.81,0,0001,-0.22058707,0.0017030239,294.40833,
1941-08-01 00:00:00,37.35,44.06,0,0001,-0.36276847,-0.1178267,293.92358,
1941-08-01 06:00:00,37.6,43.31,0,0001,,,,0.0006566887
1941-08-01 06:00:00,37.6,43.56,0,0001,,,,0.0006078576
1941-08-01 06:00:00,37.6,43.81,0,0001,,,,0.0005479251
1941-08-01 06:00:00,37.6,44.06,0,0001,,,,0.00078588177
1941-08-01 06:00:00,37.35,43.31,0,0001,,,,0.00012547719
1941-08-01 06:00:00,37.35,43.56,0,0001,,,,0.00013465631
1941-08-01 06:00:00,37.35,43.81,0,0001,,,,0.0001333301
1941-08-01 06:00:00,37.35,44.06,0,0001,,,,0.00028344442
1941-09-01 00:00:00,37.6,43.31,0,0001,0.1050694,0.81335837,287.8382,
1941-09-01 00:00:00,37.6,43.56,0,0001,0.14479184,0.8451119,287.8526,
1941-09-01 00:00:00,37.6,43.81,0,0001,0.2079823,0.7906533,288.24536,
1941-09-01 00:00:00,37.6,44.06,0,0001,0.31018186,0.7681771,288.0855,
1941-09-01 00:00:00,37.35,43.31,0,0001,0.14176679,0.14386374,291.38757,
1941-09-01 00:00:00,37.35,43.56,0,0001,0.1533444,0.14384848,291.39868,
1941-09-01 00:00:00,37.35,43.81,0,0001,0.08421826,0.12390524,291.62518,
1941-09-01 00:00:00,37.35,44.06,0,0001,0.11051297,0.13261801,291.34503,
1941-09-01 06:00:00,37.6,43.31,0,0001,,,,0.0006452822
1941-09-01 06:00:00,37.6,43.56,0,0001,,,,0.0006569014
1941-09-01 06:00:00,37.6,43.81,0,0001,,,,0.00055030594
1941-09-01 06:00:00,37.6,44.06,0,0001,,,,0.0004535229
1941-09-01 06:00:00,37.35,43.31,0,0001,,,,0.00052470574
1941-09-01 06:00:00,37.35,43.56,0,0001,,,,0.00054391334
1941-09-01 06:00:00,37.35,43.81,0,0001,,,,0.00049560005
1941-09-01 06:00:00,37.35,44.06,0,0001,,,,0.00042291963
1941-10-01 00:00:00,37.6,43.31,0,0001,0.058319747,0.5042855,278.3775,
1941-10-01 00:00:00,37.6,43.56,0,0001,0.1887824,0.5103585,278.12805,
1941-10-01 00:00:00,37.6,43.81,0,0001,0.30027837,0.46635216,278.45404,
1941-10-01 00:00:00,37.6,44.06,0,0001,0.39553136,0.514219,278.44427,
1941-10-01 00:00:00,37.35,43.31,0,0001,-0.07994014,-0.13630897,282.09064,
1941-10-01 00:00:00,37.35,43.56,0,0001,0.016609848,-0.17460853,281.80212,
1941-10-01 00:00:00,37.35,43.81,0,0001,-0.0011513829,-0.24435645,281.81793,
1941-10-01 00:00:00,37.35,44.06,0,0001,0.03600377,-0.19592506,281.61108,
1941-10-01 06:00:00,37.6,43.31,0,0001,,,,0.0014907788
1941-10-01 06:00:00,37.6,43.56,0,0001,,,,0.0015184204
1941-10-01 06:00:00,37.6,43.81,0,0001,,,,0.001319475
1941-10-01 06:00:00,37.6,44.06,0,0001,,,,0.0011741738
1941-10-01 06:00:00,37.35,43.31,0,0001,,,,0.0012602131
1941-10-01 06:00:00,37.35,43.56,0,0001,,,,0.0013566012
1941-10-01 06:00:00,37.35,43.81,0,0001,,,,0.0014382075
1941-10-01 06:00:00,37.35,44.06,0,0001,,,,0.0013826261
1941-11-01 00:00:00,37.6,43.31,0,0001,0.1359505,0.30126005,273.34558,
1941-11-01 00:00:00,37.6,43.56,0,0001,0.31159443,0.32845122,273.047,
1941-11-01 00:00:00,37.6,43.81,0,0001,0.43725055,0.34555632,273.38318,
1941-11-01 00:00:00,37.6,44.06,0,0001,0.4685158,0.50697905,273.48425,
1941-11-01 00:00:00,37.35,43.31,0,0001,-0.092000544,-0.26316255,277.19885,
1941-11-01 00:00:00,37.35,43.56,0,0001,0.036554754,-0.26110262,276.84973,
1941-11-01 00:00:00,37.35,43.81,0,0001,0.010904729,-0.29003328,276.7578,
1941-11-01 00:00:00,37.35,44.06,0,0001,-0.0032249093,-0.16442293,276.60388,
1941-11-01 06:00:00,37.6,43.31,0,0001,,,,0.0029283373
1941-11-01 06:00:00,37.6,43.56,0,0001,,,,0.0026330857
1941-11-01 06:00:00,37.6,43.81,0,0001,,,,0.0020896702
1941-11-01 06:00:00,37.6,44.06,0,0001,,,,0.001695296
1941-11-01 06:00:00,37.35,43.31,0,0001,,,,0.002639672
1941-11-01 06:00:00,37.35,43.56,0,0001,,,,0.0024760275
1941-11-01 06:00:00,37.35,43.81,0,0001,,,,0.0024286716
1941-11-01 06:00:00,37.35,44.06,0,0001,,,,0.0022806732
1941-12-01 00:00:00,37.6,43.31,0,0001,-0.2617479,0.2897225,266.09137,
1941-12-01 00:00:00,37.6,43.56,0,0001,0.045930326,0.3194161,265.75787,
1941-12-01 00:00:00,37.6,43.81,0,0001,0.30429214,0.2865792,265.76172,
1941-12-01 00:00:00,37.6,44.06,0,0001,0.4170851,0.45122153,265.73383,
1941-12-01 00:00:00,37.35,43.31,0,0001,-0.59088,-0.6347465,268.3806,
1941-12-01 00:00:00,37.35,43.56,0,0001,-0.28057724,-0.66193765,267.87616,
1941-12-01 00:00:00,37.35,43.81,0,0001,-0.1381517,-0.666027,267.6609,
1941-12-01 00:00:00,37.35,44.06,0,0001,-0.10125595,-0.4835624,267.51892,
1941-12-01 06:00:00,37.6,43.31,0,0001,,,,0.0055478513
1941-12-01 06:00:00,37.6,43.56,0,0001,,,,0.0054247677
1941-12-01 06:00:00,37.6,43.81,0,0001,,,,0.0050249994
1941-12-01 06:00:00,37.6,44.06,0,0001,,,,0.004558116
1941-12-01 06:00:00,37.35,43.31,0,0001,,,,0.007049769
1941-12-01 06:00:00,37.35,43.56,0,0001,,,,0.006978661
1941-12-01 06:00:00,37.35,43.81,0,0001,,,,0.0072639287
1941-12-01 06:00:00,37.35,44.06,0,0001,,,,0.007319361
1942-01-01 00:00:00,37.6,43.31,0,0001,-0.18333888,0.5816545,264.4931,
1942-01-01 00:00:00,37.6,43.56,0,0001,0.1305039,0.6339006,264.17328,
1942-01-01 00:00:00,37.6,43.81,0,0001,0.40314794,0.5709123,264.24323,
1942-01-01 00:00:00,37.6,44.06,0,0001,0.6126206,0.7693376,264.43658,
1942-01-01 00:00:00,37.35,43.31,0,0001,-0.5421035,-0.4299422,266.51776,
1942-01-01 00:00:00,37.35,43.56,0,0001,-0.23418117,-0.44849688,266.03998,
1942-01-01 00:00:00,37.35,43.81,0,0001,-0.08986354,-0.44822222,265.84412,
1942-01-01 00:00:00,37.35,44.06,0,0001,0.04020238,-0.20765215,265.87317,
1942-01-01 06:00:00,37.6,43.31,0,0001,,,,0.007303383
1942-01-01 06:00:00,37.6,43.56,0,0001,,,,0.0073967837
1942-01-01 06:00:00,37.6,43.81,0,0001,,,,0.0070770048
1942-01-01 06:00:00,37.6,44.06,0,0001,,,,0.0066965483
1942-01-01 06:00:00,37.35,43.31,0,0001,,,,0.008220997
1942-01-01 06:00:00,37.35,43.56,0,0001,,,,0.008439805
1942-01-01 06:00:00,37.35,43.81,0,0001,,,,0.008826401
1942-01-01 06:00:00,37.35,44.06,0,0001,,,,0.008886065
1942-02-01 00:00:00,37.6,43.31,0,0001,-0.37939918,0.18647599,269.5191,
1942-02-01 00:00:00,37.6,43.56,0,0001,-0.1705674,0.13723588,269.05865,
1942-02-01 00:00:00,37.6,43.81,0,0001,0.016413808,0.047682047,269.01532,
1942-02-01 00:00:00,37.6,44.06,0,0001,0.11239159,0.112364054,268.92822,
1942-02-01 00:00:00,37.35,43.31,0,0001,-0.57753456,-0.6914995,272.1997,
1942-02-01 00:00:00,37.35,43.56,0,0001,-0.3515061,-0.75393844,271.78595,
1942-02-01 00:00:00,37.35,43.81,0,0001,-0.23059547,-0.7545335,271.70526,
1942-02-01 00:00:00,37.35,44.06,0,0001,-0.19849098,-0.6686418,271.50018,
1942-02-01 06:00:00,37.6,43.31,0,0001,,,,0.004891094
1942-02-01 06:00:00,37.6,43.56,0,0001,,,,0.0049475394
1942-02-01 06:00:00,37.6,43.81,0,0001,,,,0.004723396
1942-02-01 06:00:00,37.6,44.06,0,0001,,,,0.004638996
1942-02-01 06:00:00,37.35,43.31,0,0001,,,,0.0053489767
1942-02-01 06:00:00,37.35,43.56,0,0001,,,,0.005426284
1942-02-01 06:00:00,37.35,43.81,0,0001,,,,0.00556108
1942-02-01 06:00:00,37.35,44.06,0,0001,,,,0.0056954883
1942-03-01 00:00:00,37.6,43.31,0,0001,-0.09448862,0.55579394,271.02582,
1942-03-01 00:00:00,37.6,43.56,0,0001,0.074532986,0.6080095,270.71838,
1942-03-01 00:00:00,37.6,43.81,0,0001,0.18612051,0.5746843,270.80023,
1942-03-01 00:00:00,37.6,44.06,0,0001,0.31981802,0.71244067,270.76465,
1942-03-01 00:00:00,37.35,43.31,0,0001,-0.4521699,-0.27892286,273.7107,
1942-03-01 00:00:00,37.35,43.56,0,0001,-0.27495432,-0.28432447,273.2306,
1942-03-01 00:00:00,37.35,43.81,0,0001,-0.17392588,-0.30361158,272.97968,
1942-03-01 00:00:00,37.35,44.06,0,0001,-0.086508274,-0.16207105,272.78522,
1942-03-01 06:00:00,37.6,43.31,0,0001,,,,0.008448597
1942-03-01 06:00:00,37.6,43.56,0,0001,,,,0.008356329
1942-03-01 06:00:00,37.6,43.81,0,0001,,,,0.0076720677
1942-03-01 06:00:00,37.6,44.06,0,0001,,,,0.007090565
1942-03-01 06:00:00,37.35,43.31,0,0001,,,,0.009060498
1942-03-01 06:00:00,37.35,43.56,0,0001,,,,0.009035166
1942-03-01 06:00:00,37.35,43.81,0,0001,,,,0.00926226
1942-03-01 06:00:00,37.35,44.06,0,0001,,,,0.009213146
1942-04-01 00:00:00,37.6,43.31,0,0001,0.047950864,0.54011506,275.14703,
1942-04-01 00:00:00,37.6,43.56,0,0001,0.18660748,0.5797269,274.97736,
1942-04-01 00:00:00,37.6,43.81,0,0001,0.27782452,0.5004727,275.18903,
1942-04-01 00:00:00,37.6,44.06,0,0001,0.35863507,0.5658414,275.1845,
1942-04-01 00:00:00,37.35,43.31,0,0001,-0.19959247,-0.3264621,278.3283,
1942-04-01 00:00:00,37.35,43.56,0,0001,-0.09024799,-0.3606723,277.85577,
1942-04-01 00:00:00,37.35,43.81,0,0001,-0.097083926,-0.45555145,277.38593,
1942-04-01 00:00:00,37.35,44.06,0,0001,-0.06612384,-0.38563567,277.04602,
1942-04-01 06:00:00,37.6,43.31,0,0001,,,,0.0022486607
1942-04-01 06:00:00,37.6,43.56,0,0001,,,,0.0022732848
1942-04-01 06:00:00,37.6,43.81,0,0001,,,,0.00213682
1942-04-01 06:00:00,37.6,44.06,0,0001,,,,0.0020716125
1942-04-01 06:00:00,37.35,43.31,0,0001,,,,0.001954184
1942-04-01 06:00:00,37.35,43.56,0,0001,,,,0.0020102123
1942-04-01 06:00:00,37.35,43.81,0,0001,,,,0.0022063488
1942-04-01 06:00:00,37.35,44.06,0,0001,,,,0.0023740614
1942-05-01 00:00:00,37.6,43.31,0,0001,0.19774967,0.43285376,281.86646,
1942-05-01 00:00:00,37.6,43.56,0,0001,0.28551823,0.41323096,281.31165,
1942-05-01 00:00:00,37.6,43.81,0,0001,0.4289127,0.368187,281.86865,
1942-05-01 00:00:00,37.6,44.06,0,0001,0.5149036,0.4664994,282.25903,
1942-05-01 00:00:00,37.35,43.31,0,0001,0.3021732,-0.17780298,287.18262,
1942-05-01 00:00:00,37.35,43.56,0,0001,0.3336292,-0.21080774,286.64624,
1942-05-01 00:00:00,37.35,43.81,0,0001,0.22593266,-0.22708887,286.5481,
1942-05-01 00:00:00,37.35,44.06,0,0001,0.22429234,-0.124565065,286.58044,
1942-05-01 06:00:00,37.6,43.31,0,0001,,,,0.0007775619
1942-05-01 06:00:00,37.6,43.56,0,0001,,,,0.00073843705
1942-05-01 06:00:00,37.6,43.81,0,0001,,,,0.0007019888
1942-05-01 06:00:00,37.6,44.06,0,0001,,,,0.0006962891
1942-05-01 06:00:00,37.35,43.31,0,0001,,,,0.0007947206
1942-05-01 06:00:00,37.35,43.56,0,0001,,,,0.0007418904
1942-05-01 06:00:00,37.35,43.81,0,0001,,,,0.0006762899
1942-05-01 06:00:00,37.35,44.06,0,0001,,,,0.00073914486
1942-06-01 00:00:00,37.6,43.31,0,0001,-0.06782627,0.29377592,287.9369,
1942-06-01 00:00:00,37.6,43.56,0,0001,-0.1526804,0.21539152,287.52905,
1942-06-01 00:00:00,37.6,43.81,0,0001,-0.24679661,0.120314,287.81848,
1942-06-01 00:00:00,37.6,44.06,0,0001,-0.31696415,0.006819129,287.74915,
1942-06-01 00:00:00,37.35,43.31,0,0001,-0.007836342,-0.13345492,292.47144,
1942-06-01 00:00:00,37.35,43.56,0,0001,-0.11268711,-0.23141634,292.08423,
1942-06-01 00:00:00,37.35,43.81,0,0001,-0.25755405,-0.3551041,291.9713,
1942-06-01 00:00:00,37.35,44.06,0,0001,-0.3672037,-0.46312106,291.62683,
1942-06-01 06:00:00,37.6,43.31,0,0001,,,,0.0007352736
1942-06-01 06:00:00,37.6,43.56,0,0001,,,,0.0007127058
1942-06-01 06:00:00,37.6,43.81,0,0001,,,,0.0007405635
1942-06-01 06:00:00,37.6,44.06,0,0001,,,,0.00074740313
1942-06-01 06:00:00,37.35,43.31,0,0001,,,,0.00032193027
1942-06-01 06:00:00,37.35,43.56,0,0001,,,,0.00029182993
1942-06-01 06:00:00,37.35,43.81,0,0001,,,,0.00031509064
1942-06-01 06:00:00,37.35,44.06,0,0001,,,,0.0003377702
1942-07-01 00:00:00,37.6,43.31,0,0001,-0.37110174,1.0883571,293.22717,
1942-07-01 00:00:00,37.6,43.56,0,0001,-0.49047887,0.9758388,293.05908,
1942-07-01 00:00:00,37.6,43.81,0,0001,-0.6285633,0.72681534,293.25183,
1942-07-01 00:00:00,37.6,44.06,0,0001,-0.6440815,0.478799,293.10315,
1942-07-01 00:00:00,37.35,43.31,0,0001,-0.21737707,0.46122086,297.12488,
1942-07-01 00:00:00,37.35,43.56,0,0001,-0.33346593,0.32788956,297.02197,
1942-07-01 00:00:00,37.35,43.81,0,0001,-0.46308172,0.18589126,297.07776,
1942-07-01 00:00:00,37.35,44.06,0,0001,-0.53319585,0.018685445,296.72302,
1942-07-01 06:00:00,37.6,43.31,0,0001,,,,2.366045e-05
1942-07-01 06:00:00,37.6,43.56,0,0001,,,,3.851784e-05
1942-07-01 06:00:00,37.6,43.81,0,0001,,,,4.4530458e-05
1942-07-01 06:00:00,37.6,44.06,0,0001,,,,3.187751e-05
1942-07-01 06:00:00,37.35,43.31,0,0001,,,,6.7113097e-06
1942-07-01 06:00:00,37.35,43.56,0,0001,,,,1.6405447e-05
1942-07-01 06:00:00,37.35,43.81,0,0001,,,,2.0901873e-05
1942-07-01 06:00:00,37.35,44.06,0,0001,,,,1.6258298e-05
1942-08-01 00:00:00,37.6,43.31,0,0001,-0.58699805,1.1173737,291.59265,
1942-08-01 00:00:00,37.6,43.56,0,0001,-0.6180764,0.99139714,291.40125,
1942-08-01 00:00:00,37.6,43.81,0,0001,-0.57160956,0.76608586,291.604,
1942-08-01 00:00:00,37.6,44.06,0,0001,-0.43394858,0.5974457,291.4541,
1942-08-01 00:00:00,37.35,43.31,0,0001,-0.4270249,0.54333806,295.48926,
1942-08-01 00:00:00,37.35,43.56,0,0001,-0.461361,0.38174748,295.33838,
1942-08-01 00:00:00,37.35,43.81,0,0001,-0.50342184,0.21857,295.36902,
1942-08-01 00:00:00,37.35,44.06,0,0001,-0.46195227,0.11236882,295.0442,
1942-08-01 06:00:00,37.6,43.31,0,0001,,,,6.788915e-05
1942-08-01 06:00:00,37.6,43.56,0,0001,,,,7.3976276e-05
1942-08-01 06:00:00,37.6,43.81,0,0001,,,,0.00017509556
1942-08-01 06:00:00,37.6,44.06,0,0001,,,,0.00031320695
1942-08-01 06:00:00,37.35,43.31,0,0001,,,,1.3879891e-05
1942-08-01 06:00:00,37.35,43.56,0,0001,,,,1.9840356e-05
1942-08-01 06:00:00,37.35,43.81,0,0001,,,,2.745485e-05
1942-08-01 06:00:00,37.35,44.06,0,0001,,,,0.00011429137
1942-09-01 00:00:00,37.6,43.31,0,0001,0.2581818,0.46588048,287.1253,
1942-09-01 00:00:00,37.6,43.56,0,0001,0.18709874,0.47277746,286.9596,
1942-09-01 00:00:00,37.6,43.81,0,0001,0.09340978,0.42175207,287.2674,
1942-09-01 00:00:00,37.6,44.06,0,0001,0.028109789,0.32874975,287.17822,
1942-09-01 00:00:00,37.35,43.31,0,0001,0.26172185,0.104857534,290.91095,
1942-09-01 00:00:00,37.35,43.56,0,0001,0.16300511,0.100569814,290.78705,
1942-09-01 00:00:00,37.35,43.81,0,0001,-0.0151565075,0.041030016,290.80756,
1942-09-01 00:00:00,37.35,44.06,0,0001,-0.1236999,-0.05090419,290.46832,
1942-09-01 06:00:00,37.6,43.31,0,0001,,,,0.00010868325
1942-09-01 06:00:00,37.6,43.56,0,0001,,,,0.00010692864
1942-09-01 06:00:00,37.6,43.81,0,0001,,,,0.00011848449
1942-09-01 06:00:00,37.6,44.06,0,0001,,,,0.00016730814
1942-09-01 06:00:00,37.35,43.31,0,0001,,,,1.868396e-05
1942-09-01 06:00:00,37.35,43.56,0,0001,,,,1.9607833e-05
1942-09-01 06:00:00,37.35,43.81,0,0001,,,,2.310588e-05
1942-09-01 06:00:00,37.35,44.06,0,0001,,,,4.786416e-05
1942-10-01 00:00:00,37.6,43.31,0,0001,0.16254774,0.6309731,279.44556,
1942-10-01 00:00:00,37.6,43.56,0,0001,0.26926008,0.6620705,279.22266,
1942-10-01 00:00:00,37.6,43.81,0,0001,0.38592878,0.63858724,279.6582,
1942-10-01 00:00:00,37.6,44.06,0,0001,0.51411027,0.69296956,279.80505,
1942-10-01 00:00:00,37.35,43.31,0,0001,0.025195751,0.08319783,283.266,
1942-10-01 00:00:00,37.35,43.56,0,0001,0.10740247,0.08133626,283.01917,
1942-10-01 00:00:00,37.35,43.81,0,0001,0.08826032,0.06812215,283.0282,
1942-10-01 00:00:00,37.35,44.06,0,0001,0.15317121,0.13803792,282.92126,
1942-10-01 06:00:00,37.6,43.31,0,0001,,,,0.0032776657
1942-10-01 06:00:00,37.6,43.56,0,0001,,,,0.0030943516
1942-10-01 06:00:00,37.6,43.81,0,0001,,,,0.0027329389
1942-10-01 06:00:00,37.6,44.06,0,0001,,,,0.0023079875
1942-10-01 06:00:00,37.35,43.31,0,0001,,,,0.0037829343
1942-10-01 06:00:00,37.35,43.56,0,0001,,,,0.0036087993
1942-10-01 06:00:00,37.35,43.81,0,0001,,,,0.0033934477
1942-10-01 06:00:00,37.35,44.06,0,0001,,,,0.0032502774
1942-11-01 00:00:00,37.6,43.31,0,0001,0.01521343,0.35413414,271.96765,
1942-11-01 00:00:00,37.6,43.56,0,0001,0.23527569,0.4336782,271.8427,
1942-11-01 00:00:00,37.6,43.81,0,0001,0.4224705,0.46350914,272.16028,
1942-11-01 00:00:00,37.6,44.06,0,0001,0.52001995,0.63860375,272.3871,
1942-11-01 00:00:00,37.35,43.31,0,0001,-0.22198445,-0.20737404,275.34283,
1942-11-01 00:00:00,37.35,43.56,0,0001,-0.047942698,-0.17215675,275.17102,
1942-11-01 00:00:00,37.35,43.81,0,0001,-0.016936839,-0.15398353,275.26416,
1942-11-01 00:00:00,37.35,44.06,0,0001,0.038986623,0.01520592,275.3106,
1942-11-01 06:00:00,37.6,43.31,0,0001,,,,0.004413005
1942-11-01 06:00:00,37.6,43.56,0,0001,,,,0.004046794
1942-11-01 06:00:00,37.6,43.81,0,0001,,,,0.0034843646
1942-11-01 06:00:00,37.6,44.06,0,0001,,,,0.0028524362
1942-11-01 06:00:00,37.35,43.31,0,0001,,,,0.005125817
1942-11-01 06:00:00,37.35,43.56,0,0001,,,,0.0048744045
1942-11-01 06:00:00,37.35,43.81,0,0001,,,,0.0047252737
1942-11-01 06:00:00,37.35,44.06,0,0001,,,,0.0043809377
1942-12-01 00:00:00,37.6,43.31,0,0001,-0.3619119,-0.6173792,266.0005,
1942-12-01 00:00:00,37.6,43.56,0,0001,-0.1639291,-0.71103,265.63306,
1942-12-01 00:00:00,37.6,43.81,0,0001,0.061122775,-0.7401819,265.67883,
1942-12-01 00:00:00,37.6,44.06,0,0001,-0.000118374825,-0.65960026,265.6311,
1942-12-01 00:00:00,37.35,43.31,0,0001,-0.3485452,-0.8454218,270.1029,
1942-12-01 00:00:00,37.35,43.56,0,0001,-0.19885647,-0.9588022,269.74634,
1942-12-01 00:00:00,37.35,43.81,0,0001,-0.22589505,-1.0830469,269.79626,
1942-12-01 00:00:00,37.35,44.06,0,0001,-0.34593594,-1.0637369,269.72205,
1942-12-01 06:00:00,37.6,43.31,0,0001,,,,0.0018448522
1942-12-01 06:00:00,37.6,43.56,0,0001,,,,0.0017665764
1942-12-01 06:00:00,37.6,43.81,0,0001,,,,0.0014955988
1942-12-01 06:00:00,37.6,44.06,0,0001,,,,0.0010883501
1942-12-01 06:00:00,37.35,43.31,0,0001,,,,0.0019721976
1942-12-01 06:00:00,37.35,43.56,0,0001,,,,0.0018569073
1942-12-01 06:00:00,37.35,43.81,0,0001,,,,0.0016921898
1942-12-01 06:00:00,37.35,44.06,0,0001,,,,0.001432105
1943-01-01 00:00:00,37.6,43.31,0,0001,-0.18638682,0.33851498,265.5136,
1943-01-01 00:00:00,37.6,43.56,0,0001,0.089949846,0.35247678,265.15234,
1943-01-01 00:00:00,37.6,43.81,0,0001,0.33209157,0.3241107,265.08722,
1943-01-01 00:00:00,37.6,44.06,0,0001,0.45736623,0.48521298,264.99078,
1943-01-01 00:00:00,37.35,43.31,0,0001,-0.49157786,-0.45254642,267.98407,
1943-01-01 00:00:00,37.35,43.56,0,0001,-0.22476268,-0.4878705,267.51013,
1943-01-01 00:00:00,37.35,43.81,0,0001,-0.10528636,-0.4980634,267.352,
1943-01-01 00:00:00,37.35,44.06,0,0001,-0.04480052,-0.32675296,267.1985,
1943-01-01 06:00:00,37.6,43.31,0,0001,,,,0.006053958
1943-01-01 06:00:00,37.6,43.56,0,0001,,,,0.005590949
1943-01-01 06:00:00,37.6,43.81,0,0001,,,,0.0050130226
1943-01-01 06:00:00,37.6,44.06,0,0001,,,,0.0043219663
1943-01-01 06:00:00,37.35,43.31,0,0001,,,,0.007830236
1943-01-01 06:00:00,37.35,43.56,0,0001,,,,0.0074864365
1943-01-01 06:00:00,37.35,43.81,0,0001,,,,0.0072452165
1943-01-01 06:00:00,37.35,44.06,0,0001,,,,0.0068492033
1943-02-01 00:00:00,37.6,43.31,0,0001,-0.18252301,0.058146358,265.7646,
1943-02-01 00:00:00,37.6,43.56,0,0001,0.0042903423,0.0127209425,265.37952,
1943-02-01 00:00:00,37.6,43.81,0,0001,0.09704852,-0.020878911,265.41522,
1943-02-01 00:00:00,37.6,44.06,0,0001,0.11076617,0.11146057,265.3592,
1943-02-01 00:00:00,37.35,43.31,0,0001,-0.49383283,-0.60495484,267.9173,
1943-02-01 00:00:00,37.35,43.56,0,0001,-0.28399396,-0.6928607,267.39038,
1943-02-01 00:00:00,37.35,43.81,0,0001,-0.15765119,-0.75334656,267.216,
1943-02-01 00:00:00,37.35,44.06,0,0001,-0.16567731,-0.64827454,267.0254,
1943-02-01 06:00:00,37.6,43.31,0,0001,,,,0.0027240065
1943-02-01 06:00:00,37.6,43.56,0,0001,,,,0.0027558652
1943-02-01 06:00:00,37.6,43.81,0,0001,,,,0.0025765745
1943-02-01 06:00:00,37.6,44.06,0,0001,,,,0.0023740975
1943-02-01 06:00:00,37.35,43.31,0,0001,,,,0.0032032875
1943-02-01 06:00:00,37.35,43.56,0,0001,,,,0.0032944528
1943-02-01 06:00:00,37.35,43.81,0,0001,,,,0.0034978238
1943-02-01 06:00:00,37.35,44.06,0,0001,,,,0.003510162
1943-03-01 00:00:00,37.6,43.31,0,0001,-0.2287944,0.36267495,269.21173,
1943-03-01 00:00:00,37.6,43.56,0,0001,-0.18698531,0.29661965,268.7627,
1943-03-01 00:00:00,37.6,43.81,0,0001,-0.2413829,0.1992228,268.67944,
1943-03-01 00:00:00,37.6,44.06,0,0001,-0.29758865,0.15193582,268.46918,
1943-03-01 00:00:00,37.35,43.31,0,0001,-0.4934352,-0.26704,271.65387,
1943-03-01 00:00:00,37.35,43.56,0,0001,-0.4000438,-0.37624717,271.09894,
1943-03-01 00:00:00,37.35,43.81,0,0001,-0.31313735,-0.45586753,270.85394,
1943-03-01 00:00:00,37.35,44.06,0,0001,-0.3638957,-0.46729636,270.57678,
1943-03-01 06:00:00,37.6,43.31,0,0001,,,,0.004534602
1943-03-01 06:00:00,37.6,43.56,0,0001,,,,0.00463745
1943-03-01 06:00:00,37.6,43.81,0,0001,,,,0.004504472
1943-03-01 06:00:00,37.6,44.06,0,0001,,,,0.0041668713
1943-03-01 06:00:00,37.35,43.31,0,0001,,,,0.0049450845
1943-03-01 06:00:00,37.35,43.56,0,0001,,,,0.005111918
1943-03-01 06:00:00,37.35,43.81,0,0001,,,,0.005102426
1943-03-01 06:00:00,37.35,44.06,0,0001,,,,0.0048167706
1943-04-01 00:00:00,37.6,43.31,0,0001,-0.25667578,0.4274559,273.69873,
1943-04-01 00:00:00,37.6,43.56,0,0001,-0.114982665,0.41688156,273.4151,
1943-04-01 00:00:00,37.6,43.81,0,0001,-0.00040441751,0.3449974,273.573,
1943-04-01 00:00:00,37.6,44.06,0,0001,0.111335695,0.4031334,273.59497,
1943-04-01 00:00:00,37.35,43.31,0,0001,-0.47351843,-0.35878372,276.33984,
1943-04-01 00:00:00,37.35,43.56,0,0001,-0.31397253,-0.4414711,275.73126,
1943-04-01 00:00:00,37.35,43.81,0,0001,-0.20659643,-0.5212593,275.36908,
1943-04-01 00:00:00,37.35,44.06,0,0001,-0.13721472,-0.44145584,275.22034,
1943-04-01 06:00:00,37.6,43.31,0,0001,,,,0.0031565095
